Average Metrics Values over ALL Test Examples
mse : 0.0006545955548062921
psnr:32.162559509277344
ssim:0.9813618063926697


